7566
8573
207
830
781
2280
9403
7706
3771
6160
8141
3867
1408
8931
250
6018
11530
10127
2170
2422
8365
2261
8718
9891
4212
3286
10414
5950
8610
5035
3407
1863
330
8113
6062
6439
7591
9888
7548
10393
2777
10300
4773
9285
7677
1156
446
8935
4295
1512
1259
1870
9343
8536
2986
609
629
9976
1087
9244
642
5231
8893
11416
5148
9439
10990
10792
4758
3439
159
10079
7058
2627
9899
8304
1380
2349
323
10861
7716
11549
5302
1137
2895
84
11075
569
7515
3734
248
10508
7701
5310
2597
604
9497
6251
7490
6245
11053
4952
2266
6354
2235
10442
11187
6399
10633
6562
4091
5528
150
4274
10161
9921
8211
11405
5772
1487
7739
10422
7276
9427
7920
10042
5563
5463
8692
5050
7872
5761
10146
4257
10144
7636
3239
8244
2961
4182
3007
3559
2492
8397
8432
4492
2350
7426
10397
6054
7100
8839
6280
3164
1136
8084
9640
10888
5844
5453
8866
9071
6106
4064
6983
2156
11909
11179
8522
6245
3096
1178
5052
1791
729
3438
3590
11086
4034
249
8290
1476
6596
5573
7351
5482
9463
7732
303
9324
7555
9634
11510
2895
9124
9831
4433
4510
7134
7706
8057
3714
4413
4687
5715
5168
262
11328
11853
3196
3328
10569
1686
8971
4505
1261
7259
774
1782
2263
11098
10986
10907
8795
9765
9532
10003
9338
9780
955
6749
9476
3303
9198
5459
1208
1015
7676
7320
1095
9848
4858
221
11415
5326
2846
1904
11939
10984
9331
11841
8096
349
10566
722
7610
2625
5244
3771
444
4900
4998
2456
2415
2952
10989
9679
8474
6494
8840
7265
7879
1563
4973
2381
7175
5468
11043
8315
5035
3443
9109
3244
10995
6540
3651
2875
9220
1825
2483
8976
7090
9461
8165
5345
10942
6289
1763
10789
5688
5498
9975
10167
10853
11499
4567
5283
2235
8884
2012
2864
4042
9391
11697
554
8245
2202
2374
2027
8190
1942
2915
10117
8479
1211
2586
1806
10644
5750
3925
4425
151
8192
3759
5037
3139
4412
3743
2356
5466
2316
2478
9730
2274
4625
6378
8528
1994
3677
5651
6356
2954
6006
10930
431
4072
10474
6218
4402
3767
5674
2310
1518
1370
10404
7410
8567
2247
65
11078
6260
8230
5751
1565
2565
10968
5452
10340
7633
5013
1736
7117
8171
9933
5493
11811
8001
5968
1142
11096
7681
3242
11553
8539
4072
9446
5658
6597
9833
2963
5166
1906
4886
8484
9001
10988
141
464
8756
387
1698
11034
6190
10938
101
428
9126
10395
5520
10396
8114
5866
4016
8017
9359
950
6317
5534
3286
11788
11255
11596
11127
6342
10383
10167
2453
7617
1199
1487
11518
10444
7735
94
4549
10492
3989
2953
7005
860
5264
3536
4404
4290
10961
11503
777
6781
11887
8103
2316
1674
118
1495
9137
4998
7250
9027
1585
10558
766
3159
3741
1506
4003
2341
11359
7064
79
1290
7535
6892
5588
9615
10926
6501
3354
10506
3811
7699
9699
7397
9904
5509
2936
6742
112
695
7221
10574
7535
3208
3789
9710
3430
5033
11195
9778
10065
9393
1607
7857
6863
5326
10066
3229
6549
1527
574
10917
4464
5565
5372
3098
2485
10399
2611
7951
70
5852
394
3385
8740
1474
11538
1910
6028
6310
11859
3306
7791
11469
3218
4804
9585
4167
11067
6175
10590
8443
9841
356
11812
4733
11695
5613
3473
8221
6554
3525
2634
2937
2917
7275
5796
2962
4960
20
9091
2076
3998
6288
4525
9070
7010
1125
3850
3386
7174
4728
1563
5271
7495
11467
9427
9529
8528
7488
7318
11138
1953
3611
8589
9426
3035
7269
2211
9626
9515
3245
5056
1071
10449
5641
6047
8313
3597
2682
1485
4555
5861
621
9793
3085
2196
7806
8787
724
6802
2808
10234
4148
5180
7287
2341
748
11104
1262
7797
7967
1320
10563
7606
11075
9248
4280
11257
1650
5733
7878
9231
8798
8461
2114
4644
9282
2349
6849
8213
9075
10666
9912
3759
6357
7519
9723
4614
7978
9384
199
8654
3653
649
316
11194
1341
127
1090
6191
5405
3776
6956
2179
4280
9361
6522
10296
3001
7908
11832
11087
2329
11372
2660
4394
2570
2335
4237
3555
9296
9318
1463
6978
5904
8868
699
31
7520
11425
8362
3732
7229
7602
9074
10430
2364
1126
6490
976
1944
4175
11655
3956
9066
9547
10913
1247
4791
7023
3024
6928
1475
4719
8320
6629
7363
716
5699
4953
10800
7002
6293
8126
10743
461
987
1843
2958
544
9957
34
1217
11393
8083
10489
1290
380
9203
6114
6975
8642
4776
10817
9126
8790
2790
8874
6211
10261
11610
10333
5426
10271
9767
11775
11279
838
5163
2230
8178
2258
1632
8928
2873
7150
2654
6513
9982
8723
9917
2151
168
1742
2872
5419
4701
817
8014
8967
1524
8563
6979
1694
8072
5764
9027
141
1033
946
10214
7772
2253
2385
2158
5600
8900
586
9133
7952
457
3107
6436
5218
10420
9159
4326
1826
588
4337
8380
7822
7578
10170
6529
7377
5016
10173
397
3386
10505
3684
11695
3224
4098
529
8084
1460
1830
2346
964
8555
6447
5793
779
10407
8264
1951
2837
5529
11384
1229
83
533
4344
4159
5018
8777
7750
7037
11946
8955
11698
4367
10284
2111
10965
8965
5877
1170
7746
2688
8839
3349
7765
7969
11447
7113
5800
8075
9545
6692
9668
2327
2167
11406
3636
4245
4337
7355
148
11033
11326
8420
3017
1033
10208
11652
5931
6338
9334
8684
2205
2754
5755
10819
11262
8278
10827
6718
2743
10432
4710
3608
6772
3364
6701
2414
2736
719
9610
11034
4680
485
6540
10793
2514
10566
3631
7323
807
4060
6202
4567
5499
3523
770
9288
5614
2965
11500
9976
11738
465
5328
4104
2124
39
249
7465
5680
3587
9256
11482
3462
1012
11609
8702
6481
2232
10013
1209
8429
10982
9734
10855
11296
1335
8481
4025
11049
2993
8702
10317
5685
9266
5323
2248
11697
7349
6014
5619
5082
1284
2033
7152
5520
11643
1864
311
2857
8213
6478
11281
2370
3125
7101
3664
7215
2162
8733
11369
1492
10560
387
8143
3980
9399
9435
6765
3846
8162
6689
9888
5840
8487
3816
9423
332
1934
1661
6472
6463
6127
3142
4472
1896
6620
2148
10758
7726
2568
8632
1356
8818
3507
7810
1395
5955
9524
9924
3818
4976
642
6213
3684
216
7614
7825
10859
2141
1440
2910
2436
7159
2204
11593
4321
7077
5713
3007
9212
2495
7406
2680
1239
2823
11137
4285
11821
8157
6686
10378
11028
9169
11976
9295
7090
5268
4479
6832
6105
2087
8550
3308
2561
1941
6447
10075
6176
3357
11622
8049
4520
9191
8919
7327
797
10135
1340
3992
1393
8607
10695
2929
6206
7535
6952
10658
4192
5416
8348
5513
11948
10415
2259
8462
5233
5981
6204
3360
6154
6866
6927
6590
476
6441
3638
8115
2322
7
7001
5336
7955
1357
1701
4925
5213
462
376
3363
11520
6778
491
11840
6969
8600
4124
869
1833
9234
9975
4860
8466
9098
1
4395
174
10059
10209
4886
11787
9754
4780
2913
11847
5675
6091
2770
3588
400
6794
2485
7912
6860
3615
4857
5875
1446
693
10104
11102
6585
4917
11764
397
1128
4016
2876
7888
2959
75
3822
348
9556
3528
8630
10464
11069
5357
757
7303
4507
3827
3869
5130
3331
8492
2552
2607
5566
818
10441
8130
6742
11753
1962
2702
5553
5648
4148
4887
6938
969
1661
1495
9370
10722
9436
5556
8454
7039
2824
11995
3346
3878
1310
3195
2499
1127
9761
9312
4066
3910
4732
874
10893
1862
2691
4009
5159
3060
4376
4856
1424
3149
41
10899
1551
3821
6550
3286
8459
4053
848
9203
10617
9912
3389
4943
10736
3458
6872
6778
5624
2150
3510
11882
2945
9186
10851
4531
16
9585
1323
3813
2100
1037
725
9185
11127
2366
1897
2905
112
10692
8081
3907
9301
10077
1086
9178
7629
10963
8098
11570
9764
4805
1850
4598
6935
9360
8335
7295
1519
5626
2194
7539
1324
11579
4132
4471
8950
8041
7096
7378
3960
2174
11600
8256
10601
8872
3524
3408
1599
3437
8417
2747
5224
1208
5357
2529
19
4613
9737
7522
4169
612
10736
1141
10522
4621
3580
3369
2385
7361
360
10261
9801
2169
5903
702
9881
814
1555
6117
7242
9028
9978
7274
6538
4083
6611
8993
11225
7187
11670
2223
5825
9635
1930
9185
7459
6582
7168
4201
1579
5404
1596
6999
6373
1864
8340
4624
4585
8515
1584
3789
7026
396
7409
7602
4397
7881
495
10313
6957
2287
1979
11706
7099
3211
6179
3018
11594
7083
5972
2350
6217
8139
9657
5418
497
1599
8865
11658
7614
90
10175
7355
5531
1177
8459
4775
10358
3824
6822
11116
6386
11790
11034
11896
9467
3599
4256
2787
8533
2174
4475
5097
1613
11461
11554
10883
1809
3699
11387
2272
11867
3336
4195
1989
5224
11872
10378
2174
8263
6649
1243
5567
10061
6179
7993
8797
3110
10244
1988
5826
8230
10277
123
9552
10941
6588
10172
1461
6824
438
7687
935
11652
4993
7040
7485
5598
3091
1395
1130
9894
3611
10866
5047
2402
2658
6778
3995
3583
8957
11348
3481
1698
4498
407
4535
10684
7685
2538
7638
6140
4638
9031
2291
11614
7608
8156
4825
6433
3528
875
1184
4631
1640
8401
4582
4949
9023
7491
3144
6922
5743
8692
10334
7341
4347
19
7184
1743
10451
2001
3097
6479
3037
8609
1815
8172
7010
2040
1195
7957
1874
4564
10451
2748
8756
6649
3969
3722
11471
22
184
2060
7790
1639
6435
266
6899
8947
722
11896
9979
8853
8401
1062
3817
2360
8647
6130
5266
8923
5320
8061
6981
6644
983
6619
3893
240
1532
7108
10404
8857
3838
1543
11085
2513
989
3935
5006
2171
5742
5789
9233
3673
3988
4580
4789
1679
4439
8500
4958
4198
9604
5951
2805
8045
8705
7063
9661
2522
9387
4680
6644
8783
5614
7810
2625
2423
4480
4078
4480
7119
4666
10753
328
6657
9812
2255
7382
6764
4028
5143
1879
9536
6451
1437
1943
5573
8228
85
10241
8059
6402
7130
9873
10971
2781
9406
5950
6141
4704
2716
5854
5075
8906
8969
1365
5074
9958
5513
1054
7825
3882
4510
8468
3466
8233
2779
8413
6462
3893
7223
8212
5461
4437
10781
9841
547
5918
8769
11031
9734
9009
1740
8763
1067
8113
7704
2188
6704
6495
3383
3746
8356
8724
9837
4711
331
3674
5119
3517
9278
4391
5475
9099
1935
7095
10039
6504
4298
9669
9709
5378
2646
3622
6244
7370
10747
8163
7538
2048
7646
4753
7805
407
3560
2766
8457
10501
3781
6809
2155
106
10599
11023
8349
2266
9227
10462
2890
1160
10931
9479
9993
11600
7475
3893
5414
5601
8231
3445
8187
6310
5985
6449
3135
11664
4833
2636
3669
8162
10396
2492
4421
9464
287
6719
6727
820
9869
2236
9755
998
292
600
3030
8792
11838
10321
8823
819
4467
1178
2328
3538
8540
5171
6144
11521
8114
5156
2197
6897
10325
9526
5390
6011
11113
8110
10759
6926
954
4263
2446
5463
11488
2602
9722
4012
1117
7501
1339
21
8900
3334
1356
3255
3348
3114
1989
11198
5473
3751
3277
4359
8052
5754
3245
9671
10152
109
5184
10363
9366
4753
11654
10254
2315
5108
7192
640
11060
510
1782
3065
7676
4942
8571
106
9580
7244
5490
2939
5137
11595
8258
10007
10524
2909
8581
6193
9026
1682
11350
8849
3492
5551
4425
1982
7721
11015
2356
9194
7366
8793
1035
6421
8320
7877
1706
446
4969
8588
10379
11725
7238
5859
5015
9718
7537
1395
7193
299
11642
5297
5838
4418
3336
8501
9337
5405
4510
2361
7699
1244
2904
5360
8479
10651
4948
8320
7932
2857
7950
11901
2451
5543
11300
10340
8880
5944
3832
6257
7278
4203
7156
10845
7179
5346
4167
9207
379
5887
9422
158
9752
3210
10030
568
10358
1121
6781
6418
7157
509
9440
5749
4687
28
9071
4961
7442
10768
9557
6025
7464
10724
6196
4906
4017
6950
2565
9673
3826
3510
5948
2024
7431
905
4650
2373
1524
3386
3421
3024
505
11214
386
1670
7332
5442
2059
11406
10208
7572
9387
5680
10442
11530
541
9773
4421
1218
4357
8319
1924
7000
4974
2157
5316
7949
2099
2571
2524
3450
4729
9100
973
10385
6713
2469
2291
2476
8988
1408
734
7477
8255
8025
6490
2801
5237
5817
41
11210
140
4652
10515
10711
1927
5921
7604
4938
43
2238
2900
2358
1590
2685
11380
9914
1929
7111
8035
3567
11846
7627
4560
4522
9140
11418
1882
7438
10399
11491
2371
4273
11965
6022
10660
10249
8108
9943
10778
6483
8854
7377
1342
10816
4438
8629
10258
4669
6773
510
9270
4349
557
9185
4891
1253
9231
5670
8015
2451
2399
6685
5143
2988
7037
3840
11131
1857
3935
10723
2234
10301
7961
3770
6303
6638
5503
5896
4107
5613
8641
6751
7122
140
6005
6392
3746
2235
8275
9008
11197
9014
5913
4894
8583
5391
2927
6605
9723
4915
965
4154
2105
3580
4120
8620
410
211
11059
4938
6052
10783
7346
6141
6680
3022
10402
4580
6377
9855
3877
6158
903
1578
10417
5784
3353
11149
7320
386
2858
435
3234
496
2682
7395
3318
4698
11445
7363
4088
272
384
5702
10892
11342
7055
89
9400
4664
7156
10982
7112
10418
5875
3299
6475
10111
6449
5275
2459
9172
11882
9494
1850
7319
1505
7591
10840
697
3474
3570
240
9486
6115
6488
4402
7685
1146
7936
5212
11880
3560
11460
9441
6386
3395
1237
1771
11751
8785
6828
2717
1845
4832
4718
6545
2853
1938
11931
4609
10430
2326
5780
5633
1206
1106
2150
10249
5269
3676
1239
10288
3945
5608
5676
9459
96
6524
565
9654
6181
10047
10581
5089
5274
79
11121
11308
9998
1170
1493
11509
1883
10501
4637
174
3038
1680
11591
3444
2548
3194
3603
7065
11278
7064
2451
11427
625
3329
5493
110
9261
11806
6730
8940
5079
6141
1170
6861
4036
3940
550
281
2661
9602
8098
3418
2458
3521
3085
1879
980
1272
8710
10747
3820
3261
9645
11989
2521
9496
6507
1496
7761
3666
6142
2434
3808
1836
5669
3097
5726
396
1189
6577
10800
4562
10614
5387
5789
7466
2573
10776
4235
1434
2342
7323
6389
7738
7309
8428
3116
10691
6186
4824
10184
5088
2151
7622
10088
385
5118
1301
9485
6735
7812
5760
912
11034
653
7780
9435
109
11514
9976
9867
1283
4230
5915
11104
4339
8040
6412
542
9127
9701
11730
9571
1067
6678
4348
8357
1024
2290
9859
8391
7856
9432
3755
11704
1979
2139
2504
6729
8016
11529
1918
5321
6360
1114
2720
9983
8589
9874
11162
866
2952
10131
1835
3192
7255
8098
11625
11690
11853
7283
1640
2848
1267
8692
9398
2718
380
10580
8029
6906
1207
3086
3980
7929
9437
1302
7759
3206
3466
2142
9626
6990
1001
8677
10597
7866
4232
11901
529
1674
7147
9687
8745
8651
188
7949
8483
10197
10784
10060
11974
2883
132
10621
5158
1583
5302
6190
138
9321
9168
6817
7023
5364
6384
5712
3045
10398
1923
9788
10455
9274
5311
10033
1160
28
8720
9751
9561
2640
1674
4920
6119
11863
5117
5225
177
8831
7687
9398
5079
2397
2915
4111
2526
1898
9311
4841
4464
472
8811
1586
544
847
8589
11541
3371
8776
3154
2598
9178
7620
2687
1354
10596
5802
3973
4134
2032
7037
3219
6755
11224
6422
7685
3323
1994
1314
283
6851
3656
6778
11652
8052
3983
2555
2713
2327
2644
1314
2886
8749
4522
9926
643
3704
11201
9297
1505
10122
8104
9276
4223
11304
3699
9703
9468
9594
567
9938
295
11026
594
2426
2931
5910
1961
11251
11718
4140
11977
9598
7696
7905
9518
5544
9369
7957
4834
3679
6835
3111
5757
3058
5007
5049
1578
868
4619
1439
3723
4172
5513
2122
2035
6284
8219
6251
4145
7851
8698
2502
588
3953
10869
7637
9962
3455
11750
8885
8523
11593
8033
49
5618
9649
9831
5130
7459
2049
9495
11360
9351
7461
11427
4351
11181
3138
4224
10696
9388
4599
11959
4795
9795
3887
9272
2046
5761
1151
3919
7565
6464
10370
1967
3230
4235
7247
2474
8495
11905
11891
8898
879
9266
1297
5850
4197
2022
11795
5446
1153
1085
1771
2177
4445
6545
8106
6686
4112
6679
11708
4854
5007
4645
1887
8639
10880
11117
2270
10077
11836
2471
2574
7634
3840
7118
6468
10322
10833
288
11152
5170
10633
297
8603
3070
10946
7385
4760
1737
2622
3665
7434
3295
10641
1950
8978
10167
3372
5852
1555
228
6374
6427
8069
395
6248
4927
5073
4942
6550
513
11407
7
1077
5971
1210
1776
11741
11745
1357
6495
7613
2387
5053
1360
198
4975
9522
6234
5109
5851
8802
8195
2720
3936
1004
7695
11771
2858
2766
7860
4071
2764
6884
3241
2233
8832
10366
2045
11587
11532
8188
10851
3457
11872
6408
5003
7393
9788
5648
6188
11216
4879
9087
7422
4125
10106
6872
3684
9677
8530
11534
3590
1658
6884
5506
7613
9544
2131
1561
423
3782
5214
2969
2970
3869
7485
5185
7061
10425
3753
11938
4914
2608
11611
1630
2744
9811
11276
5788
9869
7025
10524
6820
4105
9443
5007
6621
11013
8631
11345
2464
6322
4764
2106
4985
9639
7494
5357
186
9970
11903
5594
5084
4399
7979
5572
5459
9814
3734
284
10540
6255
3516
5548
10246
2881
2484
3568
11338
11751
2298
4286
2184
2372
87
5734
9039
8462
16
5973
6537
7173
9256
4116
5009
7079
9587
5453
9202
2780
9784
429
5949
9100
3073
6373
9734
2065
8610
9002
5564
10599
7076
6845
11107
8991
717
5381
8432
7123
5774
10392
7072
2100
3273
9625
9813
4767
9244
6107
14
4046
10670
2787
3106
2090
5845
6379
11225
9534
9314
5539
9095
6055
1834
2098
550
680
7537
11323
7279
5435
4853
923
7540
289
3348
2254
4989
2522
8348
5329
7229
7823
5933
5154
5040
10124
11884
6051
7923
7084
11783
3966
1760
5581
5440
5411
5797
643
8152
6476
800
4456
5913
10657
9049
977
639
6039
1180
11996
11876
6612
657
10469
7048
11278
442
2519
5946
305
11240
10975
709
1663
1722
7805
9433
2993
10484
5588
7220
1372
8824
7457
10957
10991
10563
10888
10973
11897
7494
8073
779
2983
4448
6258
1907
8203
1876
9422
2674
1656
10220
8667
5808
11498
6730
2809
2346
3298
5319
2398
10010
4495
1738
5479
2438
5192
1702
10537
9795
598
5136
11334
10563
9871
6652
6650
1090
5885
5811
11157
9736
10109
3251
10147
60
11523
3875
11527
5030
7290
1073
6631
2431
649
715
5568
3704
4177
10998
11225
35
8756
5166
1462
6753
6352
1050
11587
5161
2696
7019
1968
7570
10755
10129
156
8957
4461
410
618
8098
2940
5576
881
2518
1038
10382
5135
1910
3630
9639
7357
7666
6453
6354
5533
1017
10477
3278
6383
6108
848
6094
6340
962
1039
8890
5354
2824
7182
10850
7270
3666
6029
7198
5792
1459
3970
6471
10392
9205
9218
4076
9558
5477
8126
1522
3487
2622
1930
8268
4900
6512
10521
3218
6772
2541
7620
10049
2033
11440
5961
9711
2208
11338
6928
6345
122
778
3977
7211
2688
8968
4913
8827
3147
3823
10260
8546
8833
2341
2764
6344
9956
11448
6855
4459
5540
5510
2311
9020
9717
201
10082
5718
2139
477
10986
1563
9441
10703
9319
6989
3626
1861
4704
3078
3262
11364
2809
11509
5702
9793
5463
11926
11891
2120
6238
5484
7097
7938
315
413
3065
1767
11934
9994
5115
6144
7486
5641
9306
11639
8737
8578
9722
10685
467
7842
757
6424
1203
3103
7154
3943
11790
5833
6039
3636
515
10409
4565
533
10245
6745
10018
9246
9087
6080
5925
11430
81
10696
8361
10580
8697
9405
11380
5767
3117
3620
1586
4223
10533
7413
11114
5867
4021
11959
5618
2512
11896
3351
5822
9490
5864
11972
1428
7682
3466
6634
283
11461
10279
10058
6258
10172
7540
5202
11645
5141
6035
1438
5305
5550
3634
11594
3793
8897
11442
3538
11785
4208
2978
6985
2616
5070
6889
1203
5395
5320
3907
4319
227
10030
11107
5156
10808
4226
4118
8758
792
9148
4712
8389
6832
3895
6400
10995
3691
4924
2630
2384
1696
1097
4517
3828
7845
6429
108
6872
738
9410
5806
5841
3361
9432
4297
8489
1953
2010
1924
9820
1289
2543
10321
8909
9657
5680
2514
10819
10845
9617
8183
8771
8187
11981
4422
7691
5547
9458
2740
6631
9766
5670
10863
10996
3319
341
11070
9359
4367
9816
2880
2329
7541
10180
2321
10314
10457
3052
1899
9230
6889
9779
6761
4640
413
2066
4039
1378
9613
11362
7045
8054
8291
11111
9802
4988
9483
7354
6662
2761
10183
5297
5103
11744
8702
332
1709
9488
10676
3551
6577
6889
5781
695
2752
987
11051
10699
3309
5166
9456
1537
1188
8344
9533
10873
5540
11518
6624
5050
6692
11018
8588
9207
4438
7589
3338
10302
3528
10770
11854
4573
4359
2855
10981
5617
3134
6792
6217
3564
10621
4450
55
5058
8277
8513
1976
6897
2143
4206
9211
4778
924
10472
11300
11904
11959
9853
10685
1772
6375
11942
522
698
4305
1053
10939
8756
7018
1915
187
2186
7289
8178
9414
5658
9307
1732
10999
7425
7776
1951
10110
2078
4275
4085
5265
4671
1848
8604
4218
7627
4941
7518
11438
3243
6483
2046
1053
11605
10150
1640
10949
11639
3815
339
2529
4957
59
11223
5983
11167
1324
5349
7727
937
45
3687
9944
11208
9339
6164
10180
10990
831
6384
2492
899
9616
10302
8974
3816
11510
7299
7498
8169
6281
10937
1933
10238
8824
11596
1428
413
2981
1972
2706
3520
5677
11664
9244
9007
11526
2747
4546
5610
7489
8142
312
3894
3150
9490
275
8705
1695
5856
8207
3826
3941
9079
11340
2834
5622
2808
3194
6097
8305
2593
11657
6135
2168
6533
5315
5128
10459
9701
3157
6579
5270
4749
7432
4887
10256
4429
5582
7315
9860
6610
5400
11848
5661
11201
11525
1292
11899
7087
4052
9934
818
160
2458
8322
11057
3482
5935
2920
6048
4805
7843
1341
8866
513
3310
9981
6554
7076
6661
10514
1514
5103
5353
6814
6839
9291
2105
322
7112
1413
6119
2153
654
996
4680
5236
477
11139
9541
2082
11735
1999
3471
5275
522
10782
2703
11865
8016
3050
9372
8948
4981
4969
389
1896
2358
9066
2638
646
10756
10862
8951
884
8935
9121
6424
3745
9023
9684
1833
137
11494
1048
1565
737
1010
6648
6351
11552
11286
7251
5813
8203
840
5461
8049
10427
3069
7442
7495
1804
10321
10782
10056
4805
11139
2316
2284
10879
4092
10816
7551
1139
8304
3987
2514
3973
4285
5987
11474
11559
10000
6132
4054
7819
7208
11271
10577
6665
1266
7254
8392
105
3635
7497
9534
8014
68
3896
650
8928
6743
6365
7018
723
11480
7156
6801
1017
5071
403
4956
3649
4354
9536
9506
11882
10584
8372
4201
296
1784
6922
2838
9521
7503
3363
11612
7109
5936
2937
8854
11608
7157
7582
8079
5214
6788
1424
1662
1585
5902
9787
7856
34
2321
2604
8957
8858
8892
6990
10845
9547
10931
4419
1043
5848
712
9407
295
9085
2409
6916
2002
10173
6138
598
5394
2022
215
6235
10878
11011
1659
3505
7667
5854
4927
9003
4716
11599
8794
6473
10800
8966
8806
180
8165
9233
995
11859
2275
10250
4693
11276
5188
3392
2857
1402
9719
11041
8885
5256
339
8641
765
11303
11081
4041
6481
2706
6226
10495
371
827
11847
1357
2615
1617
2544
305
6116
9905
5716
8449
183
9990
911
9272
646
6495
3010
4737
2114
11147
11939
3807
10101
6963
8501
55
43
7316
7923
4412
10318
2839
6854
2612
8329
2223
6807
5739
6446
9807
4413
52
3027
3877
9527
5687
5974
4247
8694
3484
6658
6520
11698
851
1866
391
3293
6653
305
4069
8564
4794
10028
2289
9937
11280
10272
33
7422
6484
6373
5535
2308
729
4076
4030
7969
1682
7357
2647
6584
6757
9624
8004
3266
4303
9693
4088
7843
4878
424
4442
7960
6734
9492
11228
10763
6451
6112
1276
5609
5184
10606
10006
1835
9347
2408
7587
9136
4893
1790
11507
8140
49
9354
8291
8153
7943
10837
538
9420
382
4146
5894
6371
7308
7496
11214
1754
6963
845
3027
5980
8739
6605
2952
11575
229
7754
3563
4616
7019
8893
479
3542
3058
10075
2439
1786
10257
2548
673
1660
9025
5652
1053
5657
2184
7628
9497
4256
9987
6411
10458
4540
7344
5797
11273
3147
2198
7318
2887
5262
7665
10816
9871
7001
3357
7119
8647
3242
1407
8862
9377
7030
4747
6931
4500
2143
5845
9893
9170
11618
5751
894
7686
7948
8092
443
141
4589
11495
4464
10286
7556
5763
3368
5046
8122
11111
970
4564
2572
1669
1720
5486
10335
1776
8625
10174
5944
328
8118
6029
5347
4356
650
619
6257
5754
818
5288
2143
4557
4124
11185
9489
6420
7868
2922
2781
3843
3984
3140
3332
88
6597
2460
1083
3109
308
3792
1192
6389
740
3518
4649
4252
10483
11995
10797
10591
751
10765
1126
2429
7614
6694
214
9817
1853
6269
10182
2149
10662
7659
118
1772
2474
11678
1358
9564
11390
5053
5779
10831
4211
11673
11510
11285
10525
5484
2118
10527
885
2578
1798
5610
762
4672
9816
1765
2514
1541
377
9697
462
11003
10598
1525
6667
1002
10908
4171
3701
2522
3870
43
9190
11922
2223
9985
4684
1618
7327
5165
4073
3913
4770
2791
2964
11572
2972
7501
9340
7316
3481
4747
173
5067
8665
7174
939
2994
6920
11589
1531
7930
6540
11676
2177
3293
4343
8374
10500
1728
11581
6302
1774
10248
2015
9898
9680
501
11654
8069
3138
5919
7243
7384
8711
10380
5618
9364
8239
7372
6776
8286
10390
11985
2817
2423
9002
3886
3028
2535
9289
9834
6403
6150
2121
4513
10817
11495
11026
5688
1624
2177
7910
8251
1363
8378
8288
9652
7062
5971
7546
4170
6190
6570
10888
10900
3202
5712
3618
10584
7976
10824
11680
5477
3093
5592
11229
1673
6156
6256
9694
10352
7256
532
6156
3194
53
10471
3196
7063
3816
5110
2512
7009
1518
1726
7095
54
5362
3483
4303
849
8696
6318
10027
2500
9655
11561
47
5716
7908
3162
8728
6865
7913
11763
697
4241
10164
114
1664
4872
555
11474
11511
7909
11678
7244
10246
6988
6421
2123
213
395
4616
2539
5647
9020
11310
10445
931
9814
4364
698
8516
9840
655
9169
1552
3987
11797
911
3790
10491
8582
6426
6064
7850
1408
2922
9528
11753
11184
1077
6743
11196
9276
11317
913
5216
5212
4151
11868
2787
5514
11715
10694
448
7919
6947
2294
438
4124
4946
1035
7108
6074
2147
98
4996
6393
4235
2803
2593
837
9260
8090
6774
8663
1087
3347
11140
2760
2428
5726
7087
7808
3177
9027
2966
5868
61
4271
8109
5805
9456
7548
3129
2253
9761
2862
9959
9005
1155
2746
521
5594
4261
6721
4174
3391
1565
6586
5405
9171
1616
11150
5550
2226
10048
8029
8549
4074
11122
4894
3659
10860
9019
8099
9867
1954
8104
2683
4966
32
2726
5521
7092
7219
10996
8753
9464
2198
5571
8747
5886
11939
6118
10480
3443
3238
7356
5977
8289
6349
568
6984
1030
6780
2409
7046
3824
11294
6475
6731
4887
6325
10377
7579
503
4082
1036
5422
6376
2944
3109
4488
955
3387
659
4615
7508
10238
9682
7068
4095
6074
8064
9808
5680
9506
6477
7655
4283
2691
10622
4674
11340
7250
4158
5822
2405
2461
10210
1626
8018
1859
7767
6359
7785
1855
11499
5720
5475
6111
6484
7496
9906
7380
8641
4602
9055
4290
1755
9868
7713
8503
1527
9541
10779
8697
11963
3517
11986
2711
2762
3164
9833
10049
10670
1722
4476
9588
11137
1350
5878
5101
9432
98
7087
6719
749
843
7557
10016
871
7255
1141
2845
8712
567
9654
3438
723
8764
10771
8741
2487
566
4227
1215
7933
10615
199
5245
8330
2774
11263
7212
4049
911
9097
288
4569
11815
4215
4928
5253
4526
10219
8730
1542
2909
4146
6807
3770
959
1627
4489
7134
1260
4083
3201
5432
9648
3870
7934
5946
7531
10067
1567
4531
9233
7636
1242
10616
5297
7689
6181
9482
9523
10616
7857
10564
9691
10979
3766
644
11562
11551
7337
723
6467
9708
8523
4947
267
949
2939
10724
9482
710
8652
11474
3374
6181
10417
11519
11534
4079
3732
3689
10124
8560
11846
4023
3508
10909
4144
9765
5569
9010
11945
1130
10303
7971
6144
7874
8331
5953
3897
8285
2870
8940
1749
11363
1544
6991
8137
6690
450
7965
11345
10901
9980
8005
10589
9235
972
10836
777
3442
9640
1064
75
2294
9251
10157
3398
6649
9587
3798
10555
984
3156
7865
1023
3192
11269
9639
7175
4404
1551
5062
4767
2084
11398
11085
9691
427
7528
7996
10053
93
707
7638
11669
11691
7731
956
6815
4333
11657
3559
4165
74
103
9473
1261
519
871
4992
8558
10186
5788
8000
4900
2825
11536
5052
3971
3924
1324
425
2663
5276
10870
271
618
6783
5461
2757
8975
5329
8240
4712
444
8359
10580
9079
4869
6627
8660
11790
5474
600
9867
4062
10370
6425
3261
7557
5817
10370
11931
7151
2165
6050
1957
7080
8718
8260
298
9436
7676
6712
555
3086
3235
3747
4318
9489
4617
10656
9487
2438
8968
4049
6624
5107
1694
4166
4144
10556
8897
6536
474
4417
689
7907
3316
788
3270
3438
3960
2613
4648
2008
64
7052
5502
11761
1034
1858
6366
2738
5115
4092
4546
9930
2112
10996
956
4102
2959
8310
5664
6171
10732
11765
7872
7859
9384
2375
6037
8338
2275
5764
11544
10277
4882
7318
81
8486
6268
6493
2951
3021
3262
4258
11062
7734
4847
6710
127
11019
8765
9062
11865
7375
5878
2717
11525
4807
7779
2038
7967
5316
1006
2684
2640
1169
3365
6721
11297
10933
8119
6135
2506
8774
3739
7342
1320
619
10000
2507
1389
5515
5150
9761
5072
11127
9371
10158
11878
9233
7882
469
7625
7032
4222
3571
6100
10129
9981
1856
5745
8436
6815
580
4425
6895
5270
3700
8603
5275
9415
488
200
4601
4598
2106
9642
1288
3488
9372
4613
6535
5473
502
4438
6561
5527
9692
6440
6266
11870
3176
4997
8404
6009
5657
6473
10046
8466
7399
8114
11450
441
2785
7668
3882
11881
1637
11338
8694
2824
9532
10663
2268
9965
10383
3786
7956
7131
8842
2479
11775
5932
4812
4066
9228
5481
10152
8238
3238
3125
4731
11508
1182
7178
9322
5079
9040
1115
2615
11668
6836
3320
1919
10671
9732
8752
7636
3721
485
7313
9874
6030
7220
5899
3456
6378
2478
754
3430
540
11803
10978
6021
8674
1432
6301
6038
9716
416
5840
67
1901
9175
8852
1180
7395
11123
2639
2072
5880
4839
10427
1417
3721
7533
8639
8953
1443
10607
6713
6534
4502
3954
3709
11352
11810
3391
7543
5499
8270
9487
7468
11742
8663
1555
7807
4006
5477
5373
5551
8943
6266
207
9533
10721
3907
6110
2796
1963
4337
10306
8001
5278
6913
1533
1706
7944
7799
6949
2747
2444
8938
7024
9811
11931
10168
731
3933
11569
570
5207
6258
1230
11987
6608
1820
943
11426
4923
8310
4040
6454
8188
2255
8929
1729
1362
5037
8874
1925
11935
9582
8892
3116
3383
4457
7438
5556
8708
4947
9969
2310
1235
1342
424
455
3616
988
1607
3784
10841
1921
2310
1848
7761
7174
8418
922
7363
682
6962
6257
8545
9235
4545
247
3544
6802
2828
7789
11298
9637
665
10509
6919
4629
4562
539
1520
11488
5501
1082
8203
6609
7737
1435
5204
5835
1911
8527
5990
7749
6354
8190
10174
2415
9101
8977
9447
3058
10056
5449
2024
11670
2334
11794
11270
4701
2879
10290
9239
7852
1700
7132
7013
5258
4340
9473
6330
8673
3890
9222
4782
3074
3521
6480
7435
5573
5621
5692
7321
5325
10551
6539
4011
490
4245
762
11716
10040
9123
10160
11719
1157
4434
7249
4923
8720
9067
10512
7031
8173
11849
7969
1871
6917
11696
4492
5531
10842
5581
6077
4768
8104
5804
1784
8510
3270
464
9225
1654
3788
5715
4442
11029
11759
1018
7710
5057
4936
7795
491
11870
2226
6254
7621
6974
1394
7573
7412
9987
5841
969
3351
1330
645
11227
8882
6710
5710
1348
6083
5326
11196
6466
5715
4596
8109
5039
8008
2699
5620
6911
6422
6628
4437
4822
5461
2861
8653
8963
2094
1847
6607
10429
1392
10914
2153
5817
5183
10535
9893
1989
8588
4930
5387
836
8703
5946
7012
2855
5232
6990
8601
4804
5174
8861
5562
3253
10999
11954
26
2703
2270
1355
3576
797
3498
7812
10585
3321
6979
837
1360
3111
1767
10340
8063
3342
2787
11064
4439
5684
3613
7836
8668
6581
10126
6076
2724
7327
8237
1056
3390
11308
4390
1458
6447
11037
5674
2604
9943
11088
4384
5059
2738
11870
11705
11882
6267
5332
9921
8677
10251
8427
7121
10667
9823
326
11746
11446
7639
2280
2012
3083
5499
2799
4972
6016
3512
7569
5204
11631
7656
10897
9308
7702
5552
10750
38
1607
2339
137
9439
8851
9123
4320
4882
8622
1351
5196
278
7839
11096
9667
7048
4935
1718
8459
5491
4907
3640
588
10923
9887
2673
7825
666
5777
237
2363
5138
9616
1690
3777
2273
5751
1028
3719
2
6713
7289
1274
7887
6218
11499
10566
3188
136
10835
11764
4672
8645
9299
484
9493
4434
6932
6850
318
9673
10670
456
9920
5943
1062
5744
873
10244
3217
20
8965
9888
4055
4324
8784
7532
2131
6723
10886
6659
11735
11711
1621
6499
9772
8651
7828
10043
7095
8443
8845
3698
4566
8603
9397
8785
10250
395
3613
11375
11759
10651
4929
1304
5735
6079
6813
6265
6261
4176
160
3178
6116
11199
11064
9176
1416
2646
5069
9134
5756
4589
9226
4863
2858
9318
7797
11347
2314
8070
1120
11212
11746
8016
3800
7316
8683
2943
1499
3716
2484
5631
9095
1683
10464
10409
5773
3001
5162
4442
5764
11583
2217
4398
2233
10054
5998
10398
10724
5264
5258
6004
3447
2318
2477
7398
6351
6215
4617
10231
10957
3298
4149
8966
6526
2513
2541
400
3094
10202
1655
10313
9884
9890
5440
850
671
5784
8773
6039
9702
2652
3950
8841
2116
1674
724
7763
1226
6279
11491
4955
439
7431
4667
375
1323
11288
11728
9000
5625
4558
10450
6296
8058
332
10567
3468
4510
8940
755
8934
5534
1899
4698
10233
5581
5684
1788
9737
3277
8487
4159
3071
8573
2470
7371
4455
5264
1788
1166
1158
3385
3402
10272
8699
4098
7120
4448
496
11453
5268
10429
5629
2865
7505
7826
11577
3222
3039
169
862
9499
1627
4000
3864
9476
9460
2088
7882
1810
10257
5993
1342
8379
1922
7908
2758
2520
5249
721
10291
4861
9925
10375
11089
8259
9891
10202
9949
6977
3616
2974
10244
2298
1592
1609
4570
1487
2564
3319
10964
8821
8364
11847
8994
9121
521
4643
940
1824
1301
2973
1160
1124
5650
11188
7349
9720
4787
11766
824
8820
2763
7999
10480
11884
1296
10592
8824
9314
10156
1243
1848
2109
3584
11115
4392
3441
8244
6496
8227
2173
1631
9799
10532
5908
3344
8681
5727
7027
7191
5418
1054
1042
1491
1713
5110
2934
10681
2760
5830
10690
3453
8217
10956
5645
2945
4152
1668
655
3735
1536
5021
2613
6164
11829
570
2676
1107
6185
6530
1626
2178
4794
10404
1663
8653
11928
3562
7451
1318
11844
1241
8658
2414
4692
3011
6602
10435
4596
10121
3549
7429
4646
464
5610
8870
2410
6302
6085
7790
11192
11025
1679
4296
8458
11677
6432
909
4951
11168
10944
7819
10970
36
502
4113
8497
6000
1752
8474
4130
5995
11265
2931
1239
7726
7264
2315
6026
11013
5421
1366
3324
11042
6454
10046
2686
125
7000
550
4371
3724
4330
3260
3821
1243
10770
8731
5076
6089
11995
11866
7333
5247
222
2453
1495
8172
8253
10069
25
5090
7151
9695
4758
10343
11509
9174
6907
5209
6987
11949
4911
1826
2331
4109
11329
3603
8939
2143
384
4992
10134
5240
1987
4536
8184
2014
9065
2687
547
4250
10426
841
4559
8220
1997
10933
2030
6597
2787
452
11390
4918
2032
6581
9847
7763
9114
5055
9412
10003
8857
4234
1358
2726
8287
10858
9300
5891
2545
6329
5591
7277
5395
1359
11218
1122
7139
6433
2279
2528
2683
3315
10356
8692
5081
3675
4932
7104
11388
6484
8513
11720
6981
2587
2152
5594
7389
7530
5941
11416
10357
8751
9533
8163
10087
10408
7419
10117
7548
1085
7298
11130
11623
9145
8657
2236
4175
4582
4196
746
9259
101
9927
53
1573
6503
2501
5895
4992
683
11391
8656
11670
8885
7801
9742
6810
8006
558
11640
4925
9726
6019
4903
11468
4683
4345
8002
10998
2252
8252
10404
7147
11494
5017
8236
4031
8546
10412
11233
718
2466
11447
6464
7706
6558
7086
4771
8208
4096
8015
10736
3113
4312
5584
7355
4492
8700
9585
8473
7089
1343
7344
1122
11712
3500
5947
4962
343
8832
3839
7196
8522
7938
2527
2459
6949
5920
3265
8855
3629
7783
803
8640
4133
3774
5163
11179
7853
8672
11484
6518
3108
7412
1123
6648
8782
3851
10737
11370
4592
9749
3396
10093
5144
6784
926
9015
2138
142
1430
6717
885
3729
8653
6110
8021
5254
4889
1289
10769
1516
8638
1708
4884
9471
2043
5531
89
9941
8064
11769
2351
3573
4477
2278
4060
10959
10325
2725
254
3227
2321
8233
4364
2226
4817
5276
764
10307
990
2443
3294
11891
2139
5616
6436
2676
10170
3773
8229
8320
9643
2371
1207
4659
4398
509
7002
323
3529
6812
1908
6621
4054
4399
5239
7836
1716
10190
5342
1896
4382
8292
4854
9865
888
7670
9082
9319
3749
6932
5206
1408
3062
4923
7181
5701
10365
9701
10742
689
9279
2062
5505
1990
6600
6947
152
5606
8537
4009
11808
1547
9820
5959
6623
11907
3960
3282
8567
3020
9888
11347
2256
4232
5253
10486
10164
8221
10092
3826
11092
8204
9627
3536
10216
3627
7212
1306
4340
9121
10500
8865
7174
5982
157
10187
9659
7829
1151
9239
7937
631
2158
3758
3607
9228
9949
9512
6417
8528
6912
2584
760
2376
2047
2869
8430
6080
710
8614
2543
4387
10905
1674
3635
6742
6341
5921
1584
113
7762
10778
11132
10747
3989
2297
1872
11393
2945
1124
5736
6738
6589
11787
2886
3802
3057
3987
1015
9881
4954
11677
5517
4960
1661
7223
716
5767
4856
7070
6080
142
8852
1806
3499
4878
2007
329
5725
8570
11477
2944
507
4088
7207
10816
674
6646
564
10875
646
10026
7883
914
10803
3595
6835
605
2932
7365
9626
9943
9169
5853
11497
4456
1619
8514
601
10960
11107
1740
7166
5165
7313
4948
1825
6378
10001
6990
6188
9956
10655
1735
11039
6009
3811
9400
7039
1039
7375
6500
1006
4607
6662
7252
7926
4604
1815
620
6430
11940
7174
11018
2943
9538
7244
3962
7504
1340
3637
8665
5854
1216
4647
11428
6648
6854
10338
6204
8486
6818
4099
1112
6521
586
34
11463
6077
8606
92
3969
3084
6744
8363
2376
8156
11889
9232
1536
11800
7276
10227
8104
10701
292
578
11221
5306
10190
9045
8426
5579
3754
11026
405
1759
1772
7243
7752
9860
3297
6757
6131
3941
9696
1556
2299
2586
8142
10690
5849
5277
8430
6287
3985
6269
4611
4659
4045
4651
7299
3710
3574
5586
9211
4832
10223
11364
8729
8900
3278
9647
3674
11767
4247
5518
11056
3015
11990
8283
8110
10566
3225
3139
2932
9774
10600
3762
4594
670
2178
2253
8827
3459
2133
2623
4008
9522
985
9707
5509
5041
11850
480
2076
5813
7169
4555
3420
7462
2926
10213
8549
1247
9267
9229
8499
10098
11295
11825
4101
1800
10502
6342
1577
3942
10074
5591
11782
3339
9065
5785
10565
6550
850
2045
4700
8964
7492
11583
10328
10231
2070
2588
11047
2290
6813
5152
3136
7232
9901
1693
3343
3541
10126
5336
3617
12
2522
1661
6920
10896
6481
1202
2411
6231
10330
11049
7374
4327
9430
9647
6073
4508
1506
10722
231
2754
10889
2464
8910
4093
1731
10618
4453
11464
7439
11431
6423
11002
11688
11477
3843
1636
9574
2138
7501
7351
3668
905
9957
7747
8586
928
8178
5403
9255
2109
3514
1492
8844
10225
977
4587
5175
10317
11643
5702
10811
10425
4383
4787
10201
5091
10859
6700
4701
9589
2142
1500
6903
287
4246
6172
9907
5907
1079
1110
8504
304
11988
7915
3130
7382
10845
9072
11453
9337
8837
4306
39
752
3118
11642
5759
7724
10067
10348
6664
4294
274
7433
5012
881
2965
9461
6023
1519
6364
1491
8970
5440
8968
6956
3719
8756
6182
2062
8008
3394
5302
3665
6599
10769
87
9461
4593
5907
7600
8615
3356
8050
3294
2402
7585
4355
5205
6162
6456
2423
9621
2100
7024
6031
5451
3098
11303
6672
11104
4395
4780
6444
7586
5446
2766
10784
2253
10054
4480
6397
9334
10529
10189
4541
3732
3787
3442
8631
2603
11193
3228
1486
11254
9983
1246
3875
10288
6714
238
2667
2656
2601
2109
10556
159
4598
10610
9441
2630
8947
11875
5228
11865
5376
1903
11019
8042
136
11578
11635
7371
203
10629
4697
3092
9623
2153
11648
1261
3823
1680
1324
4344
5198
6353
4277
9759
4580
10662
7095
7989
8127
7051
11782
140
293
8533
9151
3122
7102
10125
218
10600
430
8904
5404
11074
2304
644
10312
5236
10398
2945
10165
11294
188
3705
4507
9750
5301
6237
5415
11343
9582
4654
9102
8355
4502
6869
11903
4418
8431
8223
9840
535
7878
4121
9562
1619
8221
868
5921
2745
1739
9524
11211
4453
4889
3979
11699
2778
3821
10253
341
6054
8387
11455
2409
9972
9047
4993
6157
9997
10208
8614
9914
7468
9462
8524
10553
893
11412
4732
6350
2705
856
8031
2130
4289
3208
4122
6431
6941
8335
8040
10789
3312
6340
11731
5978
10769
8459
9871
4205
11848
3093
7603
1787
2490
4067
4725
539
3988
10024
7200
372
8624
5228
4980
5518
4615
10540
2619
613
755
3167
6083
8826
6175
11380
3389
9861
11950
7703
1297
8389
325
4626
1180
8727
3574
5040
7911
9381
298
925
5349
3477
2474
10793
4617
7651
10825
4587
705
5833
11281
7522
4147
10202
393
9911
1362
4974
3361
446
5597
11191
9242
6716
8020
8211
564
8418
5656
5050
7284
6135
7966
9687
1106
5972
2224
5844
3101
5320
8928
1262
10315
6524
11690
2087
10849
11729
9509
9914
10972
741
3813
4489
1273
3893
528
82
3495
11772
8442
7232
1255
9242
9152
8350
8221
7504
126
9990
2614
10983
4877
9655
7061
9200
29
4006
5020
3974
6730
5067
4723
11791
2814
4124
10360
11458
10179
4312
4772
11491
11683
665
4054
8458
10814
3628
1470
1729
3879
11165
7624
10540
3900
3499
1442
3106
9952
1274
4300
2042
9238
7528
2875
1537
11836
6711
202
7336
9602
521
3614
6202
9861
9450
3605
2251
7405
4039
11690
44
3391
9596
4359
6746
6879
3947
11783
248
1670
11977
326
1745
3740
6354
4584
6271
531
10461
9731
9225
1087
3914
7531
8646
6869
2839
7416
7617
11423
2322
5045
2261
9050
10409
5543
9079
4524
9565
11480
1875
1413
3509
479
207
5489
6159
7118
11660
5975
7761
10808
2410
7121
9214
10653
8971
3656
5764
4403
9520
2347
7601
2706
1087
8908
8134
8060
1638
1655
10916
1800
11513
5872
2307
1546
600
8424
9058
9760
11916
2363
2616
4891
3568
10761
425
7336
4364
9584
2388
7098
6492
1026
9641
5206
1455
9800
9944
11099
11851
10131
1892
2156
7822
3290
4439
11035
8304
2997
2927
6003
1316
3669
11830
1698
9821
5566
6479
8737
941
4994
972
4642
7881
6811
8093
6101
8264
8004
9187
7415
11562
8116
6306
10615
6966
1945
8436
2310
5979
6445
4155
9723
568
1335
9167
7424
151
5249
8469
10300
5011
11473
9648
10270
9019
839
7377
7234
10607
7474
2922
5444
455
8111
2049
3294
819
8319
2528
6303
1597
1219
11753
9643
2827
4695
8198
5065
5216
6888
766
9165
5314
5331
5860
3362
2742
5468
6314
147
9607
5384
4947
1942
6918
6263
8389
10933
3404
2081
5981
5403
3130
9036
4669
6136
1505
11367
2016
11729
9662
10918
11022
10247
4989
891
8715
5154
1662
3053
1034
10137
1781
1592
4352
993
10763
8673
8723
2480
3843
3347
1680
8396
11863
1435
5051
309
1247
4860
9153
2028
7187
6320
10058
9183
10633
10173
299
11250
3960
7567
6647
9419
4253
10359
7797
1561
5050
7808
461
8194
10972
3689
8221
1704
2710
2084
6120
6488
10473
8491
10605
239
10213
953
7925
10536
9673
4396
10598
9446
5222
10389
8885
2683
7970
11641
1912
339
7992
11208
1081
10592
6588
4247
8295
9666
92
6172
1287
2514
9314
7334
5063
2188
6903
2262
6323
2391
1538
7741
3745
1875
1805
3060
3334
5405
3112
626
9292
10081
11367
11822
1307
1853
2694
11825
723
7118
3533
5782
10588
858
1839
7682
3605
11897
4428
762
3785
9984
3031
8005
11519
939
3185
7615
5584
11751
10516
2614
7796
6777
4332
7813
5397
3534
4223
10091
8293
11968
9518
9543
2252
10594
947
5458
9177
7145
9706
5913
11449
1943
3725
2678
7110
4516
11831
7050
2134
3435
8810
4025
2037
2766
1131
2
6925
10279
7627
8057
4897
8173
7649
6242
6393
10079
11443
7084
10360
1424
9908
4648
3721
4751
391
4869
4248
8817
1473
8682
2461
6077
10509
6159
5107
692
9033
3832
6118
7356
11533
6478
2123
10951
7084
1788
2441
4260
4018
3427
5461
10818
11150
8282
11517
9116
4042
3590
2842
166
7605
1266
72
6867
9121
6379
6961
0
9704
3675
6117
3616
1513
3424
6086
8996
3729
11431
9984
6918
10581
74
5942
6803
5308
5156
6391
4788
10233
6701
3632
3863
8853
7959
7195
1247
5323
5347
5876
4612
7149
3200
7020
9447
10085
11649
1367
5847
4533
26
3457
2361
3328
695
10877
4792
7009
9401
9853
7049
11513
11758
4861
8185
6695
6924
1274
1845
10031
4137
5025
566
11101
8890
385
6503
4354
422
354
5332
11261
9798
3087
8177
7030
9660
5583
3428
7811
9805
5906
8016
9485
573
2695
5470
6157
9541
2634
4906
6896
947
1177
4712
3322
11166
9864
2546
5606
931
9579
1935
4523
738
5553
257
3195
9295
7856
11978
10085
2805
8891
6428
8314
4973
1168
2588
10989
6615
3597
3314
755
2739
6307
1840
1705
7359
1699
413
1589
4845
405
284
8005
9439
4424
11582
8852
9314
2852
5408
2795
3204
3738
8482
7492
4276
3293
4134
6281
10773
9002
6177
795
11774
4130
10401
3535
1105
7608
9051
4626
4918
710
1808
6478
5747
5274
5755
8612
8426
10638
9914
7449
10927
7637
10454
4270
3716
5361
2416
2151
2164
7586
7594
4621
3784
11545
1008
6414
2665
10570
9249
898
4883
3488
9566
6121
2897
1738
11469
11952
2011
8147
9546
3827
9129
2704
715
2428
2835
4146
526
5577
10567
8539
450
4204
1733
3725
5999
4716
8474
5598
10147
6728
6903
2824
953
6876
1710
4476
6312
11420
1833
3927
8005
7773
1991
2413
4950
6003
819
2018
5845
7061
578
9272
8221
1213
7113
2338
7667
1227
6329
6582
7508
6857
2200
4193
11767
9802
11805
5685
1855
5707
3720
7166
8224
10043
9051
2450
6763
2391
11097
1670
6519
270
1210
2589
7918
8931
5288
2715
4497
9137
7097
8952
1353
10313
10889
8945
11307
10582
4627
11672
10791
11522
3979
3755
1710
3697
5340
2498
3261
7019
9113
2626
4490
4504
6082
3311
2698
7427
5909
6974
2172
6753
3246
6408
10646
11563
7453
5242
7082
166
10915
9929
9588
2340
10376
5219
8387
3139
9339
11265
1665
3156
4423
6073
7489
4374
6511
304
9604
9921
2790
2317
4008
5374
7533
1576
878
10675
2026
8001
902
2013
10913
1101
11545
8534
7250
554
6195
278
9806
692
4779
6805
10327
11953
5936
8782
948
4550
3569
6144
6254
10349
5225
6382
1577
11102
2822
10406
6242
8938
7989
7775
1154
5318
6539
11323
11900
1764
5426
4812
2665
11742
7374
11923
10045
1420
3403
1347
4965
10261
6661
324
3424
7809
1108
1940
2007
429
530
295
11610
9144
7593
10639
11737
1082
6942
7640
10299
4309
5396
9994
511
6435
9663
10961
8557
5103
6566
3769
1943
512
1236
9458
4753
3023
2875
8915
2954
9593
8741
11931
9158
1296
10264
7347
538
4749
9637
4688
11236
7008
6574
7572
6084
1352
402
7956
9690
3197
2006
2420
1245
747
10577
5838
8245
9881
1108
2065
7543
3303
4948
9094
10651
7575
2645
2574
8506
10913
5973
2952
2025
5450
3859
559
8109
10192
9306
7775
7578
5596
8621
216
1100
10906
5201
4827
513
5668
11697
10321
11953
5914
2162
139
10859
8622
1493
7396
2349
3164
642
5603
10303
9911
10614
3069
2157
991
9804
9911
11007
558
6785
4777
1783
4497
647
4765
5415
5588
11112
7159
4012
1270
1397
1839
3274
924
7818
1657
10438
2561
9663
2950
9146
11371
5262
4803
6360
11801
5819
7007
11551
11416
9093
9515
3283
11701
2824
121
4348
1485
10668
775
11069
3456
10734
7701
9582
2755
8489
177
9625
9653
4833
10100
10158
10506
2508
3078
8611
5731
8765
4540
5420
9118
3629
8066
8082
10697
4008
2067
11411
338
11282
9765
8151
5338
5172
9634
1642
11017
1479
10512
8218
7867
7740
6258
1647
3959
10437
3368
4610
2688
7267
2514
9211
6212
2125
11538
8075
2930
4634
11598
8930
5288
10764
4244
2126
971
3161
3257
9810
880
5047
9498
10814
567
7427
9828
2416
9591
9166
1294
2343
11540
6052
8900
9728
5613
858
3103
11183
8114
11987
2543
10684
9619
1008
3546
6135
4372
9106
9151
2713
10077
7981
5459
345
7117
4331
8909
6535
4878
2425
4061
10824
10979
7442
3446
2991
10462
6566
6221
6581
6703
9255
8889
1716
2455
5712
10170
8614
9115
915
5399
11956
11891
1181
9439
6686
5089
1031
4657
11591
8767
6716
11799
4793
6802
3426
4525
3676
9819
519
5152
2446
460
5610
9521
3744
5752
10946
5368
9069
9218
1263
9830
5336
6903
7483
7747
10017
11832
7053
1461
7107
4336
9258
1666
9197
5892
9864
1645
10683
2504
3600
11932
5136
10958
8303
2330
3730
9369
10361
4056
4322
4272
10395
11087
6391
10382
3996
1985
5206
5237
3886
7261
10096
6307
4343
2081
1528
6269
9975
5817
4895
4553
7541
1157
9838
5944
8362
2457
288
11551
426
10047
3385
5510
3914
2103
6246
4665
7506
286
8594
6109
10177
2572
3235
6781
11895
3479
3471
10786
1028
11125
8254
1633
7178
3231
3581
11406
3729
6834
3964
6542
8071
1679
6565
8106
4593
9217
7065
8479
6163
3678
7689
3251
7608
1543
1358
3362
5375
8618
8389
406
2882
1447
10890
8597
6852
2255
6544
10676
342
1096
2875
4201
7653
10125
154
3967
1060
2066
9924
8899
7282
5414
11374
11579
4360
2641
11750
1493
1537
9404
10255
11613
6694
3536
4761
6249
7125
8951
1500
5583
6541
4447
2225
8406
4089
2909
9581
3081
6487
9454
3707
1064
611
8376
7733
11417
9732
1391
11935
5660
2355
3731
11360
6460
10756
3159
6397
2880
3059
6012
2132
6882
492
1948
4114
3799
3190
1987
3665
9613
7229
3768
7474
1715
3834
7097
7219
9873
10818
5316
1613
5625
328
4850
1228
3797
7791
2877
5803
9024
9041
10947
6316
7089
1733
8995
11826
11441
3824
7395
11931
4430
5930
3380
1980
7784
10476
1966
7547
5640
5747
2229
1859
1649
3604
6749
72
1038
8220
5353
10712
395
1634
10286
4633
1888
8108
983
868
5992
443
11106
7262
6960
468
7463
4303
5738
9451
10521
10049
3521
2990
261
7415
391
5195
6647
10983
3915
5695
2780
10262
3686
7229
11651
8302
9460
11415
11164
11198
9791
2859
9506
4078
5495
11821
11157
3390
9983
1261
5759
122
5441
4869
11001
6236
2497
9762
2918
11262
302
2604
4413
4761
11029
9235
3876
9536
2512
10072
7575
10674
3644
10613
9736
4096
8104
11082
2081
4124
4489
3237
7173
8761
3882
6189
9076
11429
6401
2731
4237
0
6397
2198
6350
3575
5307
7129
8886
9666
5880
6627
268
1110
11329
3179
9945
2663
8230
222
11088
4318
653
2375
1037
2675
9346
377
2843
4807
4876
11580
1104
97
11067
8817
115
7907
9662
8004
9502
4392
3761
525
11614
6012
819
2659
8343
11032
8085
9982
10949
7864
10031
4871
3197
1243
11052
30
6002
2935
1318
3208
10355
6070
1037
11667
9969
7953
2560
4775
11359
2567
7582
650
11858
10458
10038
11472
2408
6150
9306
6590
4804
7870
11538
409
11799
8998
7309
6032
5244
7623
1490
7235
7930
8402
8117
10222
9836
596
4934
8310
10044
11282
6563
2414
5739
9954
2509
8422
1710
3685
344
5713
7731
3845
3291
6226
3713
7654
552
2723
5661
8684
2070
577
7689
11338
6809
11543
2023
9826
8531
3045
6587
5438
8324
1932
718
1897
8253
825
4783
1034
2899
9484
2419
2622
206
5796
2302
4370
9089
9290
1594
3482
7220
5942
5540
7921
541
9569
1670
7693
1165
7336
9694
1246
10534
1209
6270
611
8682
3358
6893
5800
15
9923
5387
6752
7887
2949
10993
4732
2940
1561
887
5573
11985
1367
6095
5659
11907
6913
11470
5994
6454
7891
6219
230
11084
5577
544
6276
6872
10855
3630
6612
6513
4617
8829
5694
3330
2376
1280
9144
1438
10726
8471
3777
5585
5910
4622
957
2865
9099
579
1198
11891
10939
261
3275
1178
7567
8215
11551
1003
8298
4212
4705
6268
7507
877
7052
10506
4257
846
4186
10922
7043
8638
2114
11767
2505
8133
2410
2794
11890
5096
5035
7752
3826
8847
7040
8245
800
3464
8330
10470
8986
2149
2308
10644
1685
1984
10621
4876
5413
3198
2423
4900
8836
9009
9467
5064
11907
5048
2519
10162
8011
3682
1398
2904
9710
5903
1626
10592
6415
23
7832
2702
10955
4323
623
6014
2370
11001
5543
6316
806
1782
4482
7952
2239
2004
5634
10216
1688
10347
23
5006
714
1556
11139
2537
3618
2792
7404
2815
4945
7303
3292
9927
5937
8244
4025
11484
9295
9373
604
1326
7098
4761
8528
3283
10694
362
11689
2331
10204
6370
3487
11713
386
6818
229
10429
7010
6910
874
1078
4954
10172
3180
9365
800
8443
11251
2421
3280
11280
2129
9174
1843
3819
4116
10704
2733
11352
2982
4677
6436
11682
4674
9327
2952
11506
5938
11129
5955
6741
11337
8202
3710
6459
8762
7483
8237
3964
9651
1354
1624
9525
11610
7687
3687
7984
1795
5580
8458
5601
203
9449
3266
8877
4820
9341
1071
10726
6141
5633
1559
2609
1404
4030
10512
7048
2203
7679
4746
7482
7245
1153
3452
560
555
6854
8905
7116
7568
9961
175
394
4493
2284
524
9992
8233
8526
11021
1474
10169
6840
3316
6358
10104
1846
2277
10758
8899
3427
8941
10683
7124
7580
4816
1958
6392
6423
7181
2179
11919
4205
8912
6647
9696
10930
2165
8024
11255
198
2836
6827
10332
4515
9645
1319
400
10423
11312
11353
4454
8748
9609
9154
6620
9058
11047
6779
5461
2142
904
10361
8053
6555
3683
9162
7576
8831
8273
3231
6191
1353
11672
7460
728
7910
5110
2154
2137
2819
11238
6854
5656
4733
3858
6131
11514
5460
10518
10162
3062
9758
6636
8498
10933
9208
5210
10346
9481
8758
8148
1314
2503
11868
9134
10418
1090
5
4483
4738
7749
6464
10267
2513
109
316
2556
7634
4417
1176
8816
1392
7183
7068
8943
3474
10948
3622
1225
2361
9799
10301
7858
3430
5426
9346
5930
8984
1102
5412
4072
11220
10219
8338
4034
5501
5497
5227
2204
6339
8678
10609
8107
1720
4691
1020
9316
8445
10965
11275
10821
11931
5734
9270
10880
11853
549
9087
7680
7451
8560
7078
5305
4770
5917
3675
10865
11855
2800
10255
7396
4490
1627
11363
2072
7663
9688
9698
11583
11927
11420
4235
8610
4757
3705
1798
11664
8413
11955
4055
11107
511
4956
3120
5579
11857
8047
5537
5753
9834
7269
10987
11594
843
6999
10451
10286
5464
1008
4530
8532
7652
6798
9768
1108
5515
11478
2704
11128
5752
1137
5967
9736
4487
4902
10214
11601
7621
6261
6952
8433
947
5230
4965
11553
7818
11276
7716
9567
8568
9201
8783
2071
9864
11678
8072
10222
3360
6671
11258
10475
11012
8882
3082
3266
4376
11682
10892
10814
1602
1828
9106
10507
9870
3933
5503
6525
5867
270
2042
11008
1426
11469
8414
7325
4103
6401
5550
2501
3128
7481
3910
2237
5155
298
3596
5863
3893
2884
4454
11561
4332
4143
3173
7259
7197
5831
6334
7826
11698
10929
1370
9989
555
2553
9315
11896
6949
4778
2527
3949
6041
1897
4313
1059
11547
8910
1018
8712
3330
5567
5303
5315
6983
9259
7236
1591
1447
960
1382
6005
2531
3370
1734
1729
8519
11241
2914
2718
11495
5421
11549
4249
3396
2769
1719
10639
878
849
10327
11740
4196
10217
9380
9313
9880
6123
7795
4625
5070
4093
9019
248
450
2253
452
8904
4328
10449
5822
3490
5071
8991
2254
8798
7423
10790
7715
5719
8162
4232
1063
3573
7647
8116
2961
8312
2305
6468
5431
8445
2070
1296
1792
7985
11731
6860
6232
8560
4309
933
7485
3928
8930
10131
4822
3663
1934
3804
6179
9037
10554
9798
10607
5032
182
1974
4834
1786
4231
1833
10579
3153
9156
557
6171
3315
7674
4990
4708
4139
4784
7289
5633
6900
4549
10142
9399
4833
8500
3783
8729
11463
5242
511
11089
872
5486
4449
1562
6045
47
7054
2635
639
2972
5226
10702
3634
412
7540
4910
7758
5821
160
6574
907
5402
5043
119
9448
5718
6362
2346
2264
8037
5480
4147
11978
3530
1802
2238
11060
3739
8296
5763
11259
1217
7866
9597
4962
5275
4100
1977
11596
2210
7792
7402
6671
3718
2855
377
8728
10584
3595
1785
8788
8865
7892
10489
3586
879
37
10674
8339
8656
3210
5920
10299
663
817
10382
1943
10268
4514
10570
2586
7840
4859
5143
8854
10478
8141
10945
9476
11548
7597
5804
5584
2545
9975
2821
5956
2849
10758
9434
9870
4147
1033
1509
2737
4835
8930
9315
9733
3972
7808
3587
11756
8157
5815
5851
691
372
9657
10868
8224
4745
11059
645
5854
4697
9510
10301
835
5923
1281
2138
10330
10534
2936
10678
8273
6697
5955
2177
11361
10549
277
4522
6037
10237
8566
7319
8698
5438
7616
6837
1826
1537
5491
9577
3316
8477
2421
5764
8723
10969
11753
11829
6025
975
1963
9656
8081
3820
10854
11180
6878
10612
1266
11715
5323
6467
7149
818
1951
7758
8405
9480
6812
8648
10079
7580
3557
8673
6327
2943
522
10824
8180
3504
8977
10704
631
9134
8739
10929
5312
3592
2096
7878
3309
7408
4223
10804
1904
8207
10134
4490
10572
946
7203
1507
2636
7713
4965
8264
64
336
8570
8211
11861
2703
9733
11055
815
636
4731
795
8229
4376
5931
397
11482
599
1896
851
6643
7121
6164
3252
5914
11862
10954
2166
5518
7006
3880
1656
4517
6621
5943
8383
10975
6966
6265
7215
9192
3527
11182
9455
9513
9122
11459
2991
9931
9979
3864
293
1802
10493
9579
10194
9586
3960
7686
9252
217
11189
11778
4244
9881
4458
7031
8208
4936
7240
5249
11923
3669
7761
6096
1776
8288
2760
1100
718
6455
10081
10499
8205
7401
10135
401
9479
7209
9596
11051
6033
9985
1195
680
10656
5072
4665
7308
5513
994
10026
6130
10337
426
6336
3893
10403
10974
6222
3995
8976
1423
10571
1855
10480
6692
1251
9977
6390
2642
5639
2732
11458
9018
3907
5292
9569
10271
2096
2154
6991
8450
9952
6974
7292
8188
3959
4208
7531
10967
6170
11971
9911
1577
11935
8318
4369
911
6180
7479
1509
10274
5435
10494
9531
4600
9731
7972
1305
9369
10930
167
5189
10172
1198
1947
6087
2270
10939
6710
6989
895
2670
8055
2537
4057
769
4692
8437
8605
9311
10336
4855
460
8319
1749
1439
526
1485
4419
9549
4147
2019
7861
6287
6532
9240
1980
8616
8933
11183
3162
4333
4233
2416
6061
3273
1650
10995
11863
5504
5828
10872
5478
5808
6884
8020
9988
10131
3250
3398
8893
2305
3648
3304
7816
499
7726
7905
1173
7362
10084
11415
8338
2894
2923
10594
4345
7354
8040
10811
1049
9717
3958
3539
7711
6996
5311
3680
864
2938
7062
11666
166
8153
5748
4868
4918
5842
6030
11694
282
10745
3823
7319
7471
10196
10327
3944
5005
1634
5456
252
1422
9432
6280
10387
3005
550
6480
1286
9597
6297
7536
5461
403
1625
6756
5179
7793
10067
4792
3651
9471
10929
6043
2676
4680
2084
11971
9768
10430
4228
10077
2618
427
686
7950
6846
3158
9388
523
11722
7086
8627
8466
4338
6550
4710
4964
5970
2477
7127
10431
6372
6137
1550
4571
7185
11215
11810
3617
9412
1633
10500
11843
7450
10756
10843
6012
694
10781
10857
7173
6065
10184
5197
4849
6670
9829
6178
10342
2540
8800
5925
5273
9044
11418
4979
7908
5746
1273
4369
9350
9473
10761
9669
8727
7135
1677
354
3046
9472
11302
8705
5010
1950
7839
10442
1345
10125
787
1394
7264
6349
7579
11839
7992
3385
3544
5862
1673
10556
2457
2133
10662
9827
11626
10797
8236
10477
10777
7751
384
2527
4838
824
741
6965
8230
11439
2198
3187
692
5595
11238
6553
9141
4169
10065
6197
8454
5354
9887
2418
8388
1396
5173
4910
9592
1407
6903
9417
10653
880
6142
5529
11055
9906
114
11226
1650
6015
644
11171
5084
8703
4555
9013
8864
9192
185
940
4664
3875
4313
3576
10798
11023
9191
3237
9479
1247
7243
373
3661
11230
10228
11504
10871
10931
10861
6386
4855
6015
3999
10947
3071
10211
4419
1892
6417
10303
7970
8868
6818
8917
2283
2706
3403
2028
10608
9229
4236
3857
701
9912
4316
8759
9461
9513
9361
4511
11851
896
10216
7315
5307
11317
8306
9356
8227
11082
11900
2483
8705
5759
6553
5253
938
11077
6798
2543
11043
9162
9273
6937
2528
9139
9759
10751
23
9032
209
10714
8640
8040
6106
8990
6187
1758
3016
540
9214
1387
8372
5960
11146
7043
975
309
3241
8628
3371
10171
2454
4480
8516
8859
11016
10668
1865
5625
8012
2672
11499
7208
8639
1999
6561
7716
7429
4001
5236
9113
2537
7308
5070
4321
1041
7698
8346
9706
2524
7107
3704
8117
2267
2290
7168
6459
1002
2437
10128
330
2634
11431
7507
2477
1500
3384
1104
7434
4187
9252
3916
4965
9142
2288
2173
11938
3498
8304
3725
6792
9400
4886
9223
9025
8168
3110
7137
6621
6905
10085
11365
5846
5251
2639
4894
3950
1355
2919
4220
7412
11043
617
10883
4390
8540
11323
11318
7600
8
4227
9820
2931
11440
9074
461
6369
9295
7198
7643
6309
9930
6765
1375
10751
6956
4429
7134
1901
7457
10016
5560
645
3087
9749
9262
7039
7597
9682
8493
5935
4897
11181
10747
1775
985
11418
11805
4028
5669
5439
9314
7223
3375
8707
10704
1612
11065
4324
8297
7087
6546
5480
5337
11714
10388
3884
6047
2195
6941
4984
3030
10210
3495
5939
11455
8065
9830
6099
3500
692
9214
1516
8875
11959
1535
8330
3309
9887
4478
10810
10930
4632
2673
2530
10099
3438
8134
10737
4076
8520
9152
10577
6148
4110
4560
3641
1946
4651
4524
8607
2606
1997
3950
6635
9673
7145
2572
8742
7689
11900
5263
7025
1421
9997
10418
2066
9562
1934
6041
6377
7208
8385
6443
2498
5836
6646
3118
7555
7170
1330
5598
11332
1686
3020
11305
4478
10447
11730
1226
4156
11257
11688
2752
5678
878
6608
9898
6493
4193
4357
6849
9913
3142
10273
10130
5613
5761
10399
5334
3668
7465
27
7760
8709
9977
10485
4835
8714
10643
3892
1741
1327
3889
11143
324
10197
3242
10982
7052
1894
6077
10456
9138
6434
6620
4014
10887
6296
5912
5132
5788
9489
2213
8488
5079
9191
4171
8523
304
9555
3848
11220
138
11267
10597
9148
7185
2986
9395
2580
6316
11121
4065
7978
10879
4779
5086
10891
9377
9095
4581
6146
10548
5694
6506
7038
6662
9484
7327
146
8931
8988
2243
4342
597
8924
11496
8363
1529
10032
10271
9724
6335
2658
322
3904
5790
1911
734
11420
8721
2524
3835
4
658
9855
10314
11842
2386
1146
9866
8847
10706
7179
118
2879
1185
8191
6190
2298
2930
11916
8065
11556
3352
8382
9748
701
9345
5865
7250
7172
5005
6397
4559
2295
3530
10776
570
6870
6638
149
3871
6982
6511
6242
3351
10609
2402
7823
749
3914
2126
1410
6573
4174
6348
9576
10794
9222
3838
9094
6348
5801
4905
9197
9589
8767
8048
5740
7855
6976
8718
5023
4884
9690
3856
9318
761
4850
8364
7152
7447
10049
3202
9590
5751
8800
10094
8548
3162
639
5927
5906
3714
9166
56
7121
10753
11199
11576
5664
1052
4834
6887
6238
6651
1712
583
7354
9903
8804
4212
9895
5217
5603
8226
3947
3155
604
6067
854
6293
6187
11921
2992
11559
9719
7022
5867
5190
1595
4917
3032
7797
10178
9068
1781
8424
2219
9129
3204
7568
11660
7694
2103
4990
10131
2754
1383
6326
6856
10574
419
7346
2062
11568
9126
7407
10824
2943
6561
6872
7928
7997
216
654
11011
6386
3977
9104
1360
5354
2950
6349
9775
3085
4324
4803
438
6614
10828
8626
7495
9331
2670
5251
9901
280
5590
207
11205
544
10551
7277
5274
5730
1987
8027
1000
10412
636
4039
9410
5086
7141
1115
3951
9637
11794
6724
2287
5202
8991
1085
4668
5015
10108
6365
9228
4445
6949
2777
11218
5413
10799
8567
5668
6969
9118
4208
1559
5006
6964
7617
2694
1369
5253
5071
7698
5899
9894
148
2691
5706
8675
2058
3053
5613
11055
6803
4078
4595
4438
1123
6195
2881
3215
11914
1114
3638
10413
11810
8563
7053
149
5105
4703
8943
7113
2299
1339
1970
9283
10792
3798
8785
4926
6765
1725
5641
6381
10714
10999
2958
1455
11839
3372
104
4698
6684
9442
5645
1588
4867
1887
6492
481
6508
4338
2259
4503
2261
3341
3982
10893
8756
7115
10237
2802
3707
5871
5568
1753
10886
7821
6498
146
1571
3297
8111
9940
3711
11773
10226
1175
4553
993
6416
3390
1797
11107
10843
5713
9360
6670
7924
6473
11819
9446
2816
4868
4134
2761
11750
1272
6698
7793
5410
11268
5730
1303
11625
4354
4135
2385
1177
9625
9095
4380
10236
8591
6514
6037
1594
636
576
4480
1463
1817
2626
7532
7696
9719
7460
3086
3629
1229
5947
970
10756
3849
1265
2160
9098
7879
11978
6050
2166
2495
6545
11444
2676
7801
10500
3436
9155
572
7706
2953
10284
2500
1933
6624
7967
6577
3719
1026
11339
9948
5421
5081
7770
5893
11170
9969
2055
9383
2394
1299
1117
9773
6332
9741
10189
10622
3954
589
10859
3636
6832
5228
8422
1803
6559
2119
9890
3156
9381
11689
6324
6697
4755
10469
1497
4763
2923
4766
11219
3239
7787
1769
4546
935
6138
10410
10138
1828
2606
540
10918
3465
5944
1549
4058
1748
9645
69
6541
3717
5041
807
10011
1145
8226
9455
1045
10608
4542
604
3139
1546
5362
11687
8856
1552
1569
305
4816
2447
6573
3996
841
8223
11781
7088
2010
11265
5610
8285
8148
7336
5631
2624
2100
4367
1582
4830
1922
296
2929
10221
11242
2772
3363
2866
5941
2926
6308
3333
3170
9313
6338
8305
11558
1978
4939
8216
8637
4761
8236
9492
11531
3649
7108
7575
2420
6863
1514
4660
4052
1799
887
4726
2205
8745
2162
8302
2443
5507
2839
10154
69
3136
5698
4865
3666
2846
7390
3755
10484
5693
517
1773
9766
2227
4242
4274
7822
1181
5003
10325
1759
2608
9604
9276
4879
174
11794
10334
11567
2868
1774
2980
5868
6895
7489
877
5024
6670
4370
4780
8054
7379
9513
4845
4825
11428
9119
7285
8759
7678
2820
1830
8375
5321
397
11297
10996
3942
472
1542
1013
1700
9501
7895
3979
3122
7795
380
2822
10191
6331
6943
8852
7166
5325
6551
11383
54
3806
8034
7362
3349
11147
330
8688
5364
3684
7883
7137
3509
11064
1131
2641
3897
4920
871
3223
686
8363
11023
2167
6917
558
6760
5316
10178
4133
4016
11734
5069
4195
11742
2627
11206
11346
8998
4254
8245
991
8316
4361
10271
2789
177
375
5237
7316
9657
10051
9862
2205
10829
2918
2836
7198
2059
8025
1732
1349
8315
3496
2607
10722
6317
4623
5558
5261
4638
8084
6706
529
6010
7104
3081
5236
7067
4187
1693
6852
7599
9795
8094
5631
9879
11753
2016
606
1452
3784
135
10720
3677
8323
9726
9199
7379
1337
3592
209
3157
3719
5166
11342
4743
6203
5430
10296
621
8561
340
11963
4750
9676
5339
10179
3508
10578
2508
7813
4207
4292
2639
2027
11033
1529
11583
1823
10196
5014
9568
3250
4976
7212
5836
2666
553
5422
4330
5958
3180
5037
1184
8431
5018
11761
7967
8862
4902
6423
9437
644
792
7330
833
10713
11156
1407
7126
5348
5748
1369
10850
5508
2642
661
10001
7513
5922
11403
10026
4594
4188
642
9347
8180
1079
6759
8144
10435
8721
2378
11095
11216
7339
2645
10591
10591
6385
4649
4775
6740
56
1238
9715
10714
2495
439
10272
9583
6680
11241
2233
4528
3392
7110
6178
11516
3690
8225
2002
199
7322
2368
5758
6494
8556
8945
1711
5425
5109
5227
2870
8450
226
386
7830
5097
9373
11430
2239
865
7086
6297
8731
6803
11485
8107
8609
156
4277
10900
807
6718
100
7213
7381
10560
9728
9483
11157
6755
11780
10425
1286
3298
7639
9649
4975
9604
3821
8662
11088
11746
9383
2225
7317
5455
3062
9478
4836
8873
3357
3219
6709
5659
5684
10629
2145
7500
7401
7318
11987
1896
8513
4103
2748
4744
9276
629
9379
768
1654
6843
4216
870
9897
3012
9161
3706
8432
6444
2958
3798
11399
9842
10751
5427
7246
9468
5990
11509
7404
711
847
9013
7504
4168
6492
7817
1587
1508
1940
7793
9305
2697
10811
4801
11479
10279
2941
6118
10222
6991
2884
3479
6453
7654
11594
1690
10773
1541
1704
207
4237
3377
10540
6237
7862
7282
2921
3671
2625
1106
9481
10155
3293
4499
8125
4487
7668
5773
5909
1384
5301
11748
8842
8352
6828
6242
7097
8163
11053
11446
10891
718
11697
3208
3407
5749
9495
2711
10729
11272
10603
5170
9411
8257
6660
7119
3073
3884
3686
5835
1491
1907
4200
1343
1860
6373
8753
1147
592
4643
10620
5505
10194
6119
10746
8929
3898
2961
8342
7533
6302
2479
11411
5048
6600
2248
11282
6960
525
2213
11600
5524
7485
6236
2796
10836
1558
10843
9798
7236
11443
6478
4643
4476
7810
9004
11437
11919
3955
10660
8792
1926
1837
4128
3519
7513
10491
3411
11276
6889
7747
2596
9270
10236
7126
3831
10437
7638
2851
20
7761
10737
3239
6455
10664
313
11551
5907
1039
2087
7358
1795
6848
5111
6905
9167
529
8040
7936
11255
9685
4943
2823
8223
5468
10648
8291
11031
2326
2619
1264
5414
3764
6327
142
1779
2159
110
10029
1647
11842
4092
8509
1442
2130
3028
4616
2320
5935
3353
411
10824
7090
8662
8415
6537
9478
668
5798
5009
4227
10582
3265
4452
11893
8297
11823
10645
5883
4685
7023
8884
2124
2434
86
11892
5332
7825
2524
1272
8603
10241
2353
8057
11495
6387
6669
950
10520
11066
8677
8569
1201
5690
2746
1698
3511
4188
11723
9075
8817
6699
5802
9142
431
4782
9356
4334
743
1218
4250
6617
11515
9651
11397
2431
5783
1944
2871
7995
6006
4712
6532
3394
3012
508
4990
9396
4221
4963
2728
11230
3476
8476
10274
7850
913
6867
8420
8356
1650
475
6790
3689
1106
9988
6107
9294
7398
7354
7198
6698
1508
4186
3685
4034
8031
11985
4434
9391
1645
9074
4169
11405
937
9236
11739
10978
4788
678
11584
2985
3255
6160
2532
8667
7395
11335
1720
5370
3353
2220
10985
3769
2374
8643
910
8330
2054
9163
6747
9893
7946
5534
4466
8434
116
1094
7993
4628
4158
1402
7494
146
9434
1204
7319
4227
5908
657
3839
11830
404
4676
4603
10043
704
11767
11394
592
10910
10431
8218
11628
5527
986
4872
1890
9111
8584
3807
10451
3953
131
6394
5523
64
1853
8516
6998
10952
8853
6036
1366
10554
5589
9271
10628
11862
618
10885
616
10443
6145
6422
5655
8666
10267
3437
6481
11513
2125
8818
7795
9171
8022
9662
671
5708
11709
11119
2310
8931
4327
3292
3184
8784
9042
8610
10440
11404
5810
6780
7686
8176
6789
3825
4090
1590
20
11144
6802
8412
9608
8662
10024
3655
11047
4856
6539
1475
7178
4924
6537
8552
4764
5209
9398
4345
2065
2464
5307
7655
3744
5738
3133
6354
1919
8432
4745
11215
857
7546
186
6788
11919
10479
4742
1104
7368
9003
3403
5641
5654
5391
593
8349
2119
4369
7004
634
2052
8468
5521
10825
1482
3539
4930
7124
6530
11159
664
10793
2111
1641
2492
7734
6228
8000
10082
3988
847
1883
338
9441
7350
3211
1268
5573
7709
1288
2904
11094
9088
3428
6143
9303
6147
4764
10729
2875
9028
458
7932
5863
7705
5784
1869
5270
748
5839
11471
11382
5872
3213
10869
4335
8222
10165
2661
4292
10385
11680
4732
8530
4538
7954
9400
8725
1536
6824
6693
1290
3447
269
5319
11471
2044
10347
2881
6535
9611
11710
10240
5658
11134
6276
9800
5624
7938
4849
9208
10142
2583
11039
10972
3505
6308
1507
7247
4104
10804
11707
8075
8390
8337
163
3727
7332
5723
1318
10123
3982
10629
4562
3883
1156
9453
4644
1630
8704
4598
9283
9762
9111
5924
232
653
9912
3443
2587
5434
9778
11411
3833
8175
10995
4708
7985
10887
11210
8075
1230
5153
4590
5518
2286
4387
9943
3826
10866
8748
266
7790
3278
9013
4979
8331
3456
5731
4107
9499
7901
5965
2328
7794
2215
11620
2579
70
1755
7619
1765
127
550
6196
8619
3834
9336
11165
11321
2592
7665
1093
10491
1342
8503
9863
6198
8000
2634
6226
2029
3023
7406
5306
8479
2181
7080
6399
6445
1993
7940
1463
1625
1579
6291
1883
2315
11613
3218
875
5709
6699
3333
3935
3478
11577
10306
5835
8612
6296
8170
9709
9890
1989
6547
2518
73
7358
9856
11027
11683
10466
6290
3992
4266
11364
5079
2696
3919
7242
7009
2435
2039
10088
5522
8428
11968
2453
10067
8085
4193
8327
9668
5769
6735
3440
3309
9366
3580
2772
4211
1174
2105
2373
7271
5016
9597
1981
7448
4208
4350
4631
5929
8919
251
299
3229
2400
6172
8900
3182
11513
5393
2432
10428
11290
6328
2051
6019
10349
5722
4920
102
5305
5972
6758
7592
1421
52
138
6937
7686
11641
5847
11693
9949
9277
70
11880
10736
3375
2811
2166
7467
568
311
5079
6963
6912
11892
8759
9423
11177
9440
5692
10259
10680
4920
6105
7370
1044
10688
9119
10367
295
8221
6930
7080
11425
11056
6266
816
6588
5007
6928
5792
11483
11585
4632
7657
7243
10389
6831
1232
8619
9375
9113
8662
5544
5297
7901
5827
9217
1458
10381
7919
10634
6110
1021
1804
4267
11578
916
1908
7496
6770
1088
9578
6364
9809
3268
9903
7198
3035
6893
6084
2374
11466
1154
4151
10601
2468
6201
9228
8575
9845
9223
457
11878
878
1647
7134
8319
1562
4220
6319
9751
4313
10890
9151
1152
6235
4542
11483
1597
410
917
6144
11357
884
10842
10921
6206
3652
8561
11001
7251
7484
7889
162
11584
6593
1775
6032
5058
1987
4213
2262
5035
5528
11217
2866
3595
11956
4842
5886
10123
6886
11405
3254
4083
2802
901
130
1836
11335
9801
4927
4735
6684
6288
5742
8923
11724
3039
3672
7318
7978
5635
11548
9707
355
6778
439
1538
11439
6988
879
11533
5651
4407
4796
3566
631
4456
11091
8150
319
5381
11473
8328
11752
9895
2496
5852
11008
7269
3945
2848
6178
11851
11574
5497
11085
297
3682
11111
3041
5896
11936
422
4821
1240
8357
8977
3351
11141
1107
4257
7617
552
1154
1235
5268
10874
2285
6471
8852
5603
8855
4132
832
2608
5432
9977
2892
9858
7528
63
2205
6147
6374
9339
5760
2580
11493
1791
551
5154
8308
10128
2881
312
11208
6466
7605
1901
10281
11455
2555
9853
1462
9127
727
1366
10549
5552
3795
8905
2459
1935
6455
7744
3764
11343
9896
1487
9008
10110
1978
8611
907
11272
11443
7479
10711
10618
5150
965
11143
2088
585
10169
8186
6155
1435
11425
3810
10210
7221
7521
7825
11129
5316
1540
6687
5319
8096
1164
3323
4753
2213
5770
6635
3724
7659
1929
8417
2880
11428
2981
11516
3720
10097
9177
8408
10773
10657
310
2611
5746
11656
591
11613
9891
9207
6609
3771
5030
6430
2001
2008
10940
8667
4925
1289
5665
3677
8084
5403
8726
6106
10513
7356
6816
5513
6434
386
4554
11324
5304
6748
8101
3454
7479
1107
655
11013
5773
7420
7633
948
1824
1949
1635
368
223
11833
170
637
5882
8666
11202
9364
7182
7226
2742
6435
760
11886
11020
2753
4555
368
8222
11468
2237
6951
4419
7233
9883
7477
7468
11799
8125
1245
7178
4409
5493
9998
3052
4702
10144
1041
9478
11207
6655
3723
10190
10996
2175
6639
1856
2499
11668
10979
4930
1062
6981
11149
5889
864
8256
6171
6586
4956
10574
7980
7637
3657
7777
4573
8203
2582
3658
4563
10888
10374
10792
866
10571
3248
2427
7993
2379
9078
6454
11115
6068
4416
5906
1882
4783
8437
9055
7809
4927
8789
1493
1566
4040
11541
6281
6074
2602
11415
7580
4503
9867
2438
7725
3029
7826
10795
655
11104
2223
6927
3413
8698
1657
8334
9417
8736
6479
7508
4284
3644
1696
6743
6743
3527
5031
688
7025
3384
2477
6263
3097
5646
4498
9722
7923
10774
9190
4953
2464
4665
3538
4226
5781
4420
10868
7396
8782
10165
7303
530
1083
8896
1089
2614
8216
2747
1110
46
6907
1612
313
6664
11591
7149
10915
9238
3357
1529
7564
8558
1074
9878
8150
6721
251
5119
9578
2390
11716
3468
3514
3650
11873
9536
3813
5926
7324
1807
9241
10564
4781
10858
6770
1631
7336
937
11521
559
11247
3987
9768
11358
3176
11917
11649
10658
8074
2269
10814
1367
4849
4889
10092
8600
3153
9585
4369
8154
5159
2838
7284
1478
2282
2309
4859
11824
9536
10420
4143
5592
6318
8760
2173
8701
3336
5681
5270
5465
3910
2610
4597
10109
5239
8945
3008
5385
8559
1927
7656
2216
4348
6116
3371
5734
9430
7250
8569
3215
6549
7364
1939
4294
6461
988
10927
2398
10868
3222
9752
4729
3636
3412
4083
1914
6299
7398
6812
8425
7519
117
6862
2690
8064
7117
4290
7322
822
2693
10095
6768
1897
2476
10000
10156
2432
7794
6019
5239
4785
3696
11821
6454
7190
8213
5467
11972
1473
8750
5827
2666
4166
9584
809
254
11063
7717
10109
7510
9997
10865
9634
9127
9666
1088
3178
3998
2843
2639
4764
8378
866
7219
56
4197
10515
6985
881
1421
6444
4795
5241
1155
3495
9708
794
4014
6244
1504
4864
6861
8863
139
4021
10856
5793
213
260
11409
8243
5574
9599
1789
10093
84
796
9017
8748
1350
8474
6570
5218
10403
8994
9157
8487
6236
1032
3592
7245
8883
9840
11923
5073
8647
9229
38
7341
8445
4900
2489
4843
4748
592
2418
11092
1509
959
5478
8871
3741
1242
8399
4837
6233
2849
5510
10472
2101
11989
7102
